%YAML:1.0
---
camera_name: insta360
camera_matrix: !!opencv-matrix
   rows: 3
   cols: 3
   dt: d
   data: [ 704.4223653813217, 0., 992.76501478021305, 0.,
       710.36706347855625, 784.04576260454417, 0., 0., 1. ]
dist_coeffs: !!opencv-matrix
   rows: 4
   cols: 1
   dt: d
   data: [ 0.1562924555936657, -0.035757134255824108,
       0.040641114336480967, -0.015283718031447213 ]
reprojection_error: 0.86950894232920728
image_width: 1920
image_height: 1080
fisheye_model: !!opencv-matrix
   rows: 4
   cols: 1
   dt: d
   data: [ 1., 0., 0., 0. ]
valid_frames: 80
