%YAML:1.0
---
camera_name: oaklite_back
camera_matrix: !!opencv-matrix
   rows: 3
   cols: 3
   dt: d
   data: [ 2955.7993845420647, 0., 297.15503444474177, 0.,
       2084.2901045222534, 231.83391538338157, 0., 0., 1. ]
dist_coeffs: !!opencv-matrix
   rows: 1
   cols: 5
   dt: d
   data: [ 25.050591368455898, -853.19121085087568, 0.11886231638648406,
       0.068321415355492104, -4022.0459887625207 ]
reprojection_error: 0.7160829543049464
image_width: 640
image_height: 480
fisheye_model: !!opencv-matrix
   rows: 4
   cols: 1
   dt: d
   data: [ 0., 0., 0., 0. ]
valid_frames: 30
