%YAML:1.0
---
camera_name: oak4d_front
camera_matrix: !!opencv-matrix
   rows: 3
   cols: 3
   dt: d
   data: [ 1410.7908508349601, 0., 1004.5225101541965, 0.,
       1412.3169775519939, 522.61277147116891, 0., 0., 1. ]
dist_coeffs: !!opencv-matrix
   rows: 1
   cols: 5
   dt: d
   data: [ 0.098277360557119872, -0.2116975912793041,
       -0.010407418636058256, 0.003356724321676947, 0.064425518487898181 ]
reprojection_error: 0.75781600689406703
image_width: 1920
image_height: 1080
fisheye_model: !!opencv-matrix
   rows: 4
   cols: 1
   dt: d
   data: [ 0., 0., 0., 0. ]
valid_frames: 30
