%YAML:1.0
---
camera_name: insta360
camera_matrix: !!opencv-matrix
   rows: 3
   cols: 3
   dt: d
   data: [ 820.1812919878588, 0., 919.44395843983477, 0.,
       782.79665023298799, 494.30605065733727, 0., 0., 1. ]
dist_coeffs: !!opencv-matrix
   rows: 4
   cols: 1
   dt: d
   data: [ -0.18254016601908118, 0.40773279791599693,
       -0.16125353531302045, -0.23136985127416032 ]
reprojection_error: 1.0692712139371945
image_width: 1920
image_height: 1080
fisheye_model: !!opencv-matrix
   rows: 4
   cols: 1
   dt: d
   data: [ 1., 0., 0., 0. ]
